,ID,Income,Limit,Rating,Cards,Age,Education,Gender,Student,Married,Ethnicity,Balance
0,1,0.026320674811746554,0.20879711368695786,0.2137232845894263,0.125,0.14666666666666667,0.39999999999999997,1,0,1,0.0,0.1665832916458229
1,2,0.5550198985925952,0.44208183004529056,0.43869516310461193,0.25,0.7866666666666668,0.6666666666666667,0,1,1,1.0,0.4517258629314657
2,3,0.546712381217585,0.47509019728256696,0.47356580427446576,0.375,0.6400000000000001,0.39999999999999997,1,0,0,1.0,0.2901450725362681
3,4,0.803891538167009,0.6615490903508098,0.6614173228346457,0.25,0.17333333333333334,0.39999999999999997,0,0,0,1.0,0.4822411205602801
4,5,0.26412335967141215,0.307898979043525,0.29696287964004503,0.125,0.6000000000000001,0.7333333333333334,1,0,1,0.0,0.16558279139569784
5,6,0.4050842934549294,0.5497044599677592,0.5354330708661418,0.375,0.7200000000000002,0.3333333333333333,1,0,0,0.0,0.5757878939469735
7,8,0.3541949481940432,0.47808397942734315,0.47131608548931386,0.125,0.8533333333333335,0.26666666666666666,1,0,0,1.0,0.43621810905452724
8,9,0.027678188125819438,0.18530743839717506,0.19460067491563554,0.5,0.5733333333333333,0.5333333333333334,0,0,0,0.0,0.1395697848924462
10,11,0.3059684175107615,0.5550779150994088,0.5579302587176603,0.375,0.09333333333333332,0.6000000000000001,1,0,1,0.0,0.7038519259629814
11,12,0.02721408100989709,0.03262454901358716,0.050618672665916756,0.25,0.5466666666666666,0.7333333333333334,1,0,0,0.0,0.0
12,13,0.4076136772367062,0.3394488370307822,0.33858267716535434,0.0,0.4533333333333333,0.13333333333333336,0,0,1,1.0,0.10205102551275637
13,14,0.19334702449325306,0.46334535963767554,0.47019122609673797,0.0,0.3466666666666666,0.26666666666666666,1,0,1,0.0,0.5407703851925962
17,18,0.1516586028055275,0.2680586474245797,0.2767154105736783,0.25,0.6133333333333333,0.6666666666666667,0,0,1,1.0,0.1840920460230115
18,19,0.22750530822513834,0.4220465187687111,0.3993250843644544,0.0,0.06666666666666665,0.26666666666666666,0,0,1,1.0,0.4457228614307153
19,20,0.18404747815795883,0.44062332079527133,0.43419572553430824,0.125,0.27999999999999997,0.26666666666666666,1,0,0,1.0,0.5242621310655328
20,21,0.04261663591957023,0.15153143471252012,0.15973003374578176,0.375,0.5333333333333334,0.7333333333333334,0,0,0,1.0,0.04452226113056528
21,22,0.15660134359010058,0.421585936900284,0.4105736782902138,0.0,0.6533333333333333,0.8,0,0,0,0.0,0.4842421210605302
24,25,0.0022509195122234343,0.0668611345666692,0.07086614173228346,0.25,0.4533333333333333,0.6666666666666667,0,0,0,0.0,0.0
26,27,0.18632160302597836,0.21025562293697703,0.2204724409448819,0.625,0.27999999999999997,0.46666666666666673,0,1,0,0.0,0.32716358179089544
29,30,0.09548423776207546,0.3627082213863514,0.3577052868391451,0.375,0.4266666666666667,0.7333333333333334,0,0,0,0.0,0.45772886443221605
30,31,0.13800225091951224,0.36693022184693325,0.359955005624297,0.375,0.32,0.0,0,0,1,0.0,0.43171585792896444
31,32,0.1078294870456101,0.14178245183081292,0.13160854893138357,0.5,0.26666666666666666,0.7333333333333334,1,0,1,1.0,0.0
32,33,0.718362398041468,0.5336608582175482,0.5286839145106863,0.125,0.3333333333333333,0.5333333333333334,0,0,0,0.0,0.26313156578289143
33,34,0.12190353533595552,0.07238811698779457,0.07761529808773902,0.375,0.09333333333333332,0.3333333333333333,1,0,1,0.0,0.0
34,35,0.056829916344692345,0.13510401473861977,0.11923509561304839,0.125,0.026666666666666672,0.6000000000000001,0,0,1,1.0,0.0
35,36,0.07539420098158656,0.1283488140016888,0.14285714285714285,0.25,0.3466666666666666,0.46666666666666673,0,1,0,0.0,0.20960480240120058
36,37,0.3020119043475234,0.4276502648345743,0.407199100112486,0.125,0.6400000000000001,0.39999999999999997,0,0,1,0.0,0.3811905952976488
37,38,0.11401371436527549,0.42949259230828274,0.4150731158605175,0.125,0.6133333333333333,0.26666666666666666,0,0,1,0.0,0.5467733866933466
38,39,0.008359729425551417,0.2312888615951485,0.2328458942632171,0.375,0.026666666666666672,0.3333333333333333,0,0,0,0.0,0.2656328164082041
39,40,0.019103809159153932,0.19766638519996926,0.1923509561304837,0.375,0.32,0.6000000000000001,1,0,1,0.0,0.17208604302151073
42,43,0.19610846183299105,0.2976126506486528,0.29021372328458944,0.125,0.5733333333333333,0.5333333333333334,0,0,1,1.0,0.19259629814907453
43,44,0.15417058257045727,0.41229753588700385,0.3959505061867267,0.0,0.013333333333333308,0.6000000000000001,0,0,1,1.0,0.48824412206103046
44,45,0.12476939677677606,0.42135564596607045,0.42294713160854897,0.25,0.026666666666666672,0.7333333333333334,0,0,1,0.0,0.560280140070035
45,46,0.3888405443976469,0.5130114377830659,0.5298087739032622,0.25,0.36000000000000004,0.46666666666666673,0,0,1,0.0,0.49874937468734365
46,47,0.05323888753524313,0.31910647117525137,0.31833520809898763,0.125,0.5466666666666666,0.7333333333333334,0,1,1,1.0,0.6208104052026012
47,48,0.1989395152401174,0.27212712059568583,0.25534308211473566,0.125,0.3466666666666666,0.6666666666666667,1,1,1,0.0,0.3986993496748374
48,49,0.19822014921043776,0.10485913871190602,0.12598425196850394,0.625,0.6533333333333333,0.6666666666666667,1,0,1,1.0,0.0
52,53,0.1963811247635954,0.3496584017809165,0.33858267716535434,0.0,0.12,0.46666666666666673,1,0,1,0.0,0.3036518259129565
53,54,0.03451796674672513,0.35157749289936285,0.359955005624297,0.375,0.5733333333333333,0.3333333333333333,1,0,1,1.0,0.4787393696848424
54,55,0.02888486662721757,0.047056114224303364,0.050618672665916756,0.125,0.32,0.26666666666666666,0,0,1,1.0,0.0
55,56,0.1308898093680021,0.06908728026406694,0.06861642294713162,0.125,0.49333333333333335,0.2,0,0,1,1.0,0.0
56,57,0.27118939051133,0.29600061410915784,0.31383577052868394,0.75,0.7466666666666668,0.8666666666666667,0,0,1,1.0,0.18959479739869933
57,58,0.38241846218107134,0.2988408689644584,0.3082114735658043,0.375,0.56,0.6000000000000001,0,0,1,0.0,0.06653326663331666
58,59,0.0,0.1991248944499885,0.21147356580427445,0.125,0.6266666666666667,0.8,1,0,1,0.0,0.1665832916458229
59,60,0.24085999048580412,0.33837414600445226,0.33408323959505065,0.375,0.7733333333333334,0.8,0,0,0,0.0,0.2656328164082041
60,61,0.14593848260178446,0.33100483610961845,0.3048368953880765,0.125,0.15999999999999998,1.0,0,0,0,1.0,0.3156578289144572
61,62,0.06314177312123637,0.16911030935748828,0.18110236220472442,0.25,0.48000000000000004,0.3333333333333333,0,0,0,0.0,0.054027013506753374
62,63,0.11792961815587036,0.06025946111921393,0.07536557930258718,0.125,0.7200000000000002,0.13333333333333336,0,0,0,0.0,0.0
63,64,0.021917458549433215,0.16212481768634374,0.17772778402699663,0.375,0.6933333333333334,0.8,1,0,0,0.0,0.06653326663331666
65,66,0.009549003910102459,0.2513241728717279,0.25534308211473566,0.375,0.06666666666666665,0.6000000000000001,0,0,1,0.0,0.3011505752876438
66,67,0.6002935477508208,0.6769018192983802,0.6760404949381328,0.375,0.2,0.5333333333333334,0,0,1,1.0,0.6943471735867933
68,69,0.10148282223537192,0.3633223305442542,0.36557930258717664,0.125,0.7333333333333334,0.6666666666666667,0,0,1,0.0,0.41120560280140067
69,70,0.22711081717660433,0.4554387042296768,0.4634420697412824,0.375,0.4266666666666667,0.6000000000000001,1,0,1,0.0,0.5422711355677838
70,71,0.08432246162414284,0.2355108620557304,0.2530933633295838,0.375,0.6933333333333334,0.46666666666666673,1,0,1,0.0,0.17858929464732365
71,72,0.2809414412846485,0.5001919091118446,0.5005624296962881,0.125,0.7733333333333334,0.46666666666666673,0,0,1,1.0,0.5517758879439719
72,73,0.07300985067353544,0.3098948338067091,0.29471316085489313,0.0,0.32,0.8666666666666667,0,0,1,1.0,0.3316658329164582
73,74,0.07910125657001635,0.2791893759115682,0.2755905511811024,0.375,0.10666666666666669,0.6666666666666667,1,0,0,0.0,0.3006503251625813
74,75,0.03335189761797024,0.34574345589928607,0.36557930258717664,0.375,0.2933333333333334,0.3333333333333333,0,0,1,0.0,0.47273636818409204
76,77,0.1175815378189286,0.18477009288401008,0.17772778402699663,0.0,0.6000000000000001,0.7333333333333334,1,1,0,0.0,0.2661330665332666
77,78,0.0613897687586295,0.18177631073923387,0.17997750281214847,0.0,0.09333333333333332,0.6666666666666667,0,0,0,1.0,0.07253626813406702
78,79,0.5836959170176477,0.44338681200583396,0.42182227221597307,0.25,0.2933333333333334,0.39999999999999997,0,0,1,0.0,0.1955977988994497
79,80,0.029006694745147173,0.09326782835649036,0.08773903262092238,0.125,0.56,0.6000000000000001,1,0,0,1.0,0.0
80,81,0.09870978221773585,0.19674522146311507,0.219347581552306,0.25,0.22666666666666663,0.26666666666666666,0,0,1,0.0,0.08104052026013006
81,82,0.25018854351584346,0.2592308282797267,0.25196850393700787,0.0,0.8,0.6666666666666667,1,0,0,0.0,0.04952476238119059
82,83,0.07726223212317401,0.27228064788516154,0.28233970753655796,0.25,0.5333333333333334,0.39999999999999997,1,0,0,0.0,0.2516258129064532
83,84,0.05146367781684013,0.04198971367160512,0.03262092238470192,0.25,0.2,0.6000000000000001,0,0,0,0.0,0.0
84,85,0.19252323436249083,0.15506256237046134,0.15635545556805397,0.375,0.6133333333333333,0.39999999999999997,1,0,0,0.0,0.0
85,86,0.8234652557810342,0.858217548169187,0.8267716535433072,0.375,0.24000000000000005,0.46666666666666673,0,0,1,1.0,0.889944972486243
86,87,0.261135670112662,0.4186689184002456,0.3993250843644544,0.0,0.1333333333333333,0.6666666666666667,1,0,1,0.0,0.407703851925963
87,88,0.008046457122303834,0.10631764796192522,0.1001124859392576,0.375,0.48000000000000004,0.46666666666666673,0,0,0,1.0,0.0
91,92,0.2212862728717788,0.39563982497888994,0.4083239595050619,0.25,0.32,0.7333333333333334,1,0,1,0.0,0.4062031015507754
92,93,0.11822548644227088,0.14938205265986026,0.17547806524184478,0.375,0.37333333333333335,0.5333333333333334,1,0,0,0.0,0.0
96,97,0.0229616995602585,0.34512934674138324,0.3082114735658043,0.0,0.48000000000000004,0.8,1,1,0,1.0,0.6903451725862931
99,100,0.42638100873681645,0.5840178091655791,0.5781777277840271,0.5,0.32,0.8666666666666667,1,0,0,0.0,0.6558279139569785
100,101,0.06264865931056887,0.2187763875028786,0.18335208098987626,0.0,0.24000000000000005,0.39999999999999997,1,0,0,0.0,0.14907453726863432
101,102,0.04421780546950236,0.11875335840945728,0.10911136107986504,0.25,0.6266666666666667,0.7333333333333334,0,1,0,0.0,0.21560780390195097
102,103,0.3385603397264088,0.514009365164658,0.4926884139482565,0.125,0.44,0.7333333333333334,1,1,0,0.0,0.7938969484742371
103,104,0.7879900681077192,0.6643125815613725,0.6625421822272217,0.625,0.5733333333333333,0.6666666666666667,1,0,0,0.0,0.5252626313156578
104,105,0.03186095350806966,0.29799646887234205,0.3059617547806524,0.375,0.39999999999999997,0.46666666666666673,0,0,0,0.0,0.3726863431715858
105,106,0.00972884541752237,0.17624932831810852,0.18672665916760406,0.125,0.46666666666666673,0.8666666666666667,0,0,1,0.0,0.10505252626313155
106,107,0.0375056563054753,0.03462040377677131,0.02474690663667041,0.125,0.6799999999999999,0.6666666666666667,1,0,1,1.0,0.0
107,108,0.16682330281829044,0.1767866738312735,0.19122609673790775,0.25,0.6533333333333333,0.46666666666666673,1,0,0,1.0,0.0
108,109,0.5663963242716419,0.395102479465725,0.4004499437570304,0.375,0.5466666666666666,0.6000000000000001,1,0,1,0.0,0.11355677838919459
109,110,0.018604894009537402,0.18231365625239887,0.2092238470191226,0.5,0.18666666666666665,0.9333333333333333,1,0,1,1.0,0.14857428714357176
110,111,0.14029377980437882,0.18308129269977735,0.17660292463442068,0.25,0.4533333333333333,0.8,0,0,1,1.0,0.023511755877938967
112,113,0.20683513754974645,0.4414677208873877,0.4476940382452194,0.375,0.25333333333333335,0.6000000000000001,1,0,1,0.0,0.5232616308154077
113,114,0.3416814600809867,0.4222000460581868,0.42857142857142855,0.375,0.09333333333333332,0.46666666666666673,0,0,1,1.0,0.38419209604802396
114,115,0.03555060507965239,0.1873032931603592,0.19685039370078738,0.375,0.24000000000000005,0.6666666666666667,1,0,0,0.0,0.13556778389194596
116,117,0.14400663673175768,0.094496046672296,0.10461192350956132,0.25,0.52,0.7333333333333334,0,0,0,0.0,0.0
117,118,0.4699548655829765,0.6315345052583096,0.5995500562429698,0.0,0.32,0.8,1,0,1,1.0,0.6708354177088544
118,119,0.09679534036455614,0.09787364704076149,0.08998875140607425,0.25,0.22666666666666663,0.8,0,0,0,0.0,0.0
119,120,0.07343334841681459,0.04022414984263452,0.049493813273340834,0.25,0.7733333333333334,0.7333333333333334,1,0,0,0.0,0.0
120,121,0.09796721083226007,0.0396100406847317,0.03937007874015748,0.125,0.5866666666666667,0.6666666666666667,0,0,1,1.0,0.0
121,122,0.7989952080940281,0.558148460888923,0.5691788526434197,0.125,0.8,0.5333333333333334,1,0,1,0.0,0.22711355677838918
122,123,0.30310835740889,0.47363168803254774,0.43644544431946014,0.0,0.8133333333333335,0.39999999999999997,0,0,0,0.0,0.4522261130565282
124,125,0.11144372121085544,0.12612266830429106,0.11136107986501688,0.0,0.09333333333333332,0.46666666666666673,0,0,1,0.0,0.0
125,126,0.099922262058083,0.12627619559376677,0.11473565804274467,0.0,0.14666666666666667,0.6666666666666667,0,0,1,0.0,0.0
126,127,0.09324492092775011,0.3567206570967989,0.38245219347581555,0.5,0.36000000000000004,0.6666666666666667,0,1,1,1.0,0.7023511755877938
127,128,0.271781127084131,0.19382820296307668,0.18672665916760406,0.25,0.6533333333333333,0.39999999999999997,0,0,0,0.0,0.0
131,132,0.002158098089038961,0.05235280571121516,0.07761529808773902,0.5,0.3066666666666667,0.9333333333333333,1,0,1,1.0,0.0
137,138,0.15084061401371432,0.20933445920012278,0.20809898762654666,0.375,0.15999999999999998,0.26666666666666666,1,0,1,1.0,0.09354677338669334
138,139,0.06393075521830438,0.09111844630383048,0.0922384701912261,0.125,0.6799999999999999,0.39999999999999997,0,0,1,0.0,0.0
141,142,0.47293675380277767,0.4504490673217164,0.43869516310461193,0.125,0.1333333333333333,0.3333333333333333,1,0,1,0.0,0.30265132566283137
142,143,0.5426514439532644,0.5012666001381745,0.5129358830146232,0.25,0.8133333333333335,0.8,1,0,0,1.0,0.3346673336668334
144,145,0.04082982352326917,0.1429339065018807,0.15185601799775028,0.25,0.12,0.6000000000000001,1,0,1,0.0,0.03401700850425212
145,146,0.05322728485734508,0.2907039226222461,0.27896512935883017,0.125,0.37333333333333335,0.6000000000000001,1,0,0,1.0,0.32116058029014505
146,147,0.03887477229744624,0.3242496353726875,0.312710911136108,0.25,0.4266666666666667,0.6666666666666667,0,0,1,0.0,0.40270135067533763
147,148,0.07833547982874445,0.04720964151377906,0.0641169853768279,0.25,0.44,0.7333333333333334,1,0,1,0.0,0.0
148,149,0.02802046712381217,0.11775543102786518,0.11136107986501688,0.125,0.6133333333333333,0.39999999999999997,0,0,1,0.0,0.0
149,150,0.01792613735250096,0.0,0.03149606299212597,0.5,0.27999999999999997,0.3333333333333333,1,0,1,1.0,0.0
151,152,0.14799215658974088,0.30283257849082673,0.2924634420697413,0.25,0.5733333333333333,0.5333333333333334,0,0,1,0.0,0.2671335667833917
152,153,0.18021859445159938,0.09472633760650953,0.10236220472440945,0.375,0.013333333333333308,0.39999999999999997,0,1,0,0.0,0.07803901950975488
153,154,0.47430586979474854,0.2860213402932371,0.28233970753655796,0.25,0.12,0.8,1,0,0,0.0,0.0
155,156,0.0532736955689373,0.036539494895217614,0.056242969628796394,0.375,0.14666666666666667,0.26666666666666666,0,0,1,1.0,0.0
156,157,0.12447932982932458,0.2608428648192216,0.2755905511811024,0.5,0.6933333333333334,0.5333333333333334,0,0,1,0.0,0.2146073036518259
157,158,0.26629306043834916,0.3557994933599447,0.35208098987626546,0.125,0.6533333333333333,0.7333333333333334,0,1,1,0.0,0.5102551275637819
158,159,0.185660250385789,0.3580256390573424,0.35208098987626546,0.125,0.8,0.46666666666666673,0,0,1,1.0,0.3266633316658329
159,160,0.24925452794504968,0.16227834497581944,0.15973003374578176,0.25,0.39999999999999997,0.5333333333333334,1,0,0,1.0,0.0
160,161,0.010929722579971456,0.3054425424119137,0.32395950506186727,0.5,0.5866666666666667,0.39999999999999997,0,0,0,0.0,0.4182091045522761
161,162,0.12182231659066911,0.06286942504030091,0.07536557930258718,0.25,0.7733333333333334,0.6000000000000001,1,0,1,0.0,0.0
162,163,0.31011057352036847,0.5100176556382897,0.47469066366704166,0.0,0.44,0.46666666666666673,1,0,1,0.0,0.5432716358179089
164,165,0.38537134370612736,0.39080371536040526,0.3779527559055118,0.375,0.27999999999999997,0.46666666666666673,1,0,1,1.0,0.2741370685342671
165,166,0.08718832306496338,0.27949643049051964,0.3082114735658043,0.375,0.3066666666666667,0.39999999999999997,1,0,1,0.0,0.2851425712856428
167,168,0.11050970564006171,0.11061641206724493,0.09561304836895389,0.0,0.18666666666666665,0.6000000000000001,0,0,1,0.0,0.0
168,169,0.0992957174515878,0.14846088892300605,0.14173228346456695,0.0,0.12,0.39999999999999997,0,0,1,1.0,0.0
169,170,0.09848352999872367,0.4063099715974514,0.4116985376827897,0.375,0.17333333333333334,0.46666666666666673,0,0,1,0.0,0.5497748874437218
170,171,0.14165709445740074,0.08712673677746219,0.08323959505061869,0.25,0.4533333333333333,0.26666666666666666,1,0,0,1.0,0.0
171,172,0.15419958926520239,0.25976817379289163,0.23172103487064116,0.0,0.5333333333333334,0.26666666666666666,0,0,1,0.0,0.14157078539269632
172,173,0.38285356260224856,0.29254625009595453,0.28233970753655796,0.375,0.49333333333333335,0.8666666666666667,1,0,0,1.0,0.054027013506753374
175,176,0.11473888173390417,0.09841099255392644,0.12710911136107989,0.25,0.38666666666666666,0.8,1,0,0,0.0,0.0
176,177,0.07945513824590714,0.13211023259384355,0.1439820022497188,0.375,0.12,0.8666666666666667,1,0,1,0.0,0.0
177,178,0.06976110086207896,0.23635526214784675,0.22384701912260968,0.125,0.14666666666666667,0.6000000000000001,0,0,1,1.0,0.19209604802401198
178,179,0.10420365020246672,0.2690565748061718,0.250843644544432,0.125,0.08000000000000002,0.3333333333333333,0,0,0,0.0,0.22661330665332666
179,180,0.2765614303781313,0.5076379826514162,0.5253093363329585,0.5,0.5866666666666667,0.39999999999999997,0,0,0,0.0,0.6188094047023511
180,181,0.0016301762446772755,0.20710831350272507,0.22609673790776152,0.5,0.6133333333333333,0.7333333333333334,1,0,1,1.0,0.2116058029014507
183,184,0.40903500527921843,0.24595071774007826,0.2722159730033746,0.25,0.08000000000000002,0.6666666666666667,0,0,1,1.0,0.0
184,185,0.8617018807940873,0.8216012896292315,0.8008998875140608,0.0,0.52,0.8,0,0,1,0.0,0.7243621810905452
187,188,0.07548122106582197,0.09925539264604283,0.08323959505061869,0.125,0.6933333333333334,0.6666666666666667,1,0,0,1.0,0.0
189,190,0.27844686553656584,0.2705918477009288,0.26209223847019125,0.125,0.8266666666666667,0.7333333333333334,0,0,1,0.0,0.06303151575787894
190,191,0.2600914291018367,0.3428264373992477,0.328458942632171,0.375,0.36000000000000004,0.8,0,0,1,0.0,0.2691345672836418
191,192,0.6609813544966178,0.6658478544561295,0.6839145106861644,0.25,0.38666666666666666,0.8,0,1,0,1.0,0.8439219609804902
192,193,0.10531750728068037,0.23389882551623548,0.21822272215973004,0.375,0.44,0.6000000000000001,1,0,1,1.0,0.1680840420210105
193,194,0.695319479735923,0.7063790588777155,0.7165354330708662,0.75,0.21333333333333332,0.9333333333333333,0,0,1,0.0,0.7133566783391695
199,200,0.00028426560850244864,0.25124740922699007,0.2440944881889764,0.25,0.26666666666666666,0.13333333333333336,1,0,1,1.0,0.28564282141070535
201,202,0.368733103600311,0.4948952176249328,0.4904386951631046,0.625,0.5866666666666667,0.6666666666666667,0,0,1,0.0,0.5242621310655328
202,203,0.06198150533143049,0.0431411683426729,0.058492688413948266,0.125,0.46666666666666673,0.5333333333333334,0,0,1,0.0,0.0
204,205,0.27256430784225,0.33960236432025787,0.3363329583802025,0.125,0.2933333333333334,0.13333333333333336,0,0,0,0.0,0.22811405702851423
205,206,0.0025467877986239187,0.22967682505565362,0.2564679415073116,0.875,0.08000000000000002,0.5333333333333334,1,0,0,0.0,0.3191595797898949
206,207,0.07597433487648947,0.12005834037000074,0.09786276715410573,0.125,0.7333333333333334,0.5333333333333334,1,0,0,0.0,0.0
207,208,0.0028310534071263674,0.2690565748061718,0.2980877390326209,0.5,0.18666666666666665,0.3333333333333333,0,1,1,0.0,0.6083041520760379
210,211,0.08231519834777865,0.17809165579181696,0.1687289088863892,0.125,0.52,0.46666666666666673,0,0,1,0.0,0.047523761880940464
211,212,0.11146112522770255,0.33952560067552007,0.34195725534308213,0.25,0.026666666666666672,0.6666666666666667,1,0,0,0.0,0.39969984992496244
212,213,0.16702634968150648,0.2659860290166577,0.25871766029246346,0.125,0.5733333333333333,0.5333333333333334,1,0,1,0.0,0.1540770385192596
214,215,0.1424518778934178,0.337990327780763,0.3565804274465692,0.125,0.52,0.7333333333333334,0,0,1,0.0,0.34067033516758377
215,216,0.1779328669056818,0.25662086435863973,0.2744656917885264,0.25,0.7466666666666668,0.9333333333333333,0,0,1,0.0,0.12306153076538268
216,217,0.029714458096928777,0.14400859752821063,0.1372328458942632,0.25,0.49333333333333335,0.8666666666666667,1,0,0,1.0,0.026013006503251623
217,218,0.012194414470859873,0.34612727412297534,0.3363329583802025,0.25,0.56,0.6000000000000001,1,0,1,0.0,0.47773886943471733
218,219,0.0015837655330850423,0.058417133645505465,0.06299212598425198,0.125,0.6400000000000001,0.3333333333333333,0,1,1,1.0,0.09754877438719359
219,220,0.16591829394224186,0.3328471635833269,0.31158605174353204,0.375,0.7066666666666668,0.5333333333333334,0,0,0,0.0,0.3266633316658329
220,221,0.2001055843688723,0.3745298226759806,0.38695163104611924,0.25,0.39999999999999997,0.5333333333333334,0,1,0,1.0,0.6233116558279139
222,223,0.13391230696044645,0.40845935365011127,0.4026996625421822,0.375,0.27999999999999997,0.26666666666666666,1,1,0,0.0,0.7748874437218609
223,224,0.09953937368744706,0.28609810393797497,0.28233970753655796,0.5,0.6533333333333333,0.8,1,0,1,1.0,0.2866433216608304
224,225,0.6460080986691729,0.5321255853227911,0.5523059617547807,0.375,0.36000000000000004,0.06666666666666671,1,0,1,0.0,0.3506753376688344
225,226,0.027411326534164095,0.3674675673600982,0.3577052868391451,0.375,0.06666666666666665,0.6666666666666667,0,0,1,1.0,0.537768884442221
226,227,0.2873113114506828,0.4621171413218699,0.48818897637795283,0.625,0.7333333333333334,0.6666666666666667,0,0,0,0.0,0.5162581290645323
227,228,0.3285588313782821,0.36293851232056495,0.37907761529808776,0.25,0.32,0.6000000000000001,0,0,1,0.0,0.24112056028014006
229,230,0.34569598663371504,0.511936746756736,0.5106861642294714,0.25,0.7066666666666668,0.26666666666666666,1,0,1,1.0,0.5292646323161581
231,232,0.08568577627716475,0.2986105780302448,0.3205849268841395,0.375,0.08000000000000002,0.46666666666666673,1,0,1,0.0,0.32866433216608304
232,233,0.03125181291842157,0.29953174176709907,0.30033745781777277,0.0,0.21333333333333332,0.6000000000000001,1,0,1,1.0,0.344672336168084
233,234,0.007245872347337763,0.10685499347509017,0.10573678290213724,0.25,0.6400000000000001,0.39999999999999997,1,0,1,0.0,0.0
236,237,0.1866580806850221,0.3147309434251938,0.31046119235095615,0.125,0.18666666666666665,0.39999999999999997,1,0,1,1.0,0.24462231115557778
237,238,0.29137224871500345,0.3272434175174637,0.33183352080989875,0.5,0.2,0.6666666666666667,1,0,1,1.0,0.22161080540270134
238,239,0.0938540615173982,0.15536961694941273,0.1608548931383577,0.625,0.46666666666666673,0.9333333333333333,0,0,1,0.0,0.026013006503251623
239,240,0.10209196282502,0.20503569509480307,0.19122609673790775,0.0,0.15999999999999998,0.5333333333333334,0,0,1,1.0,0.08154077038519258
240,241,0.1122617100026686,0.18922238427880556,0.19010123734533185,0.5,0.6400000000000001,0.6000000000000001,0,0,1,1.0,0.07403701850925462
242,243,0.06128534465754696,0.026636984724034682,0.03937007874015748,0.25,0.32,0.8666666666666667,0,1,1,1.0,0.0080040020010005
243,244,0.27736781649204634,0.43993244799263065,0.4128233970753656,0.0,0.44,0.46666666666666673,0,0,1,0.0,0.42821410705352675
244,245,0.07081694455080231,0.06916404390880479,0.06074240719910011,0.375,0.5733333333333333,0.6666666666666667,0,0,0,0.0,0.0
246,247,0.05356956385533782,0.17847547401550623,0.1934758155230596,0.375,0.48000000000000004,0.6000000000000001,0,0,0,1.0,0.09954977488744371
247,248,0.1508928260642556,0.10240270208029476,0.10686164229471316,0.25,0.36000000000000004,0.9333333333333333,1,0,0,0.0,0.0
248,249,0.031112580783644865,0.0014585092500191826,0.0,0.0,0.2,0.7333333333333334,1,1,1,0.0,0.0
249,250,0.07089236195713972,0.05104782375067167,0.04611923509561304,0.25,0.26666666666666666,0.5333333333333334,0,1,1,0.0,0.04902451225612806
250,251,5.2212050541268484e-05,0.11852306747524372,0.11023622047244096,0.125,0.32,0.8666666666666667,0,0,1,1.0,0.0
251,252,0.10512026175641337,0.17778460121286557,0.1957255343082115,0.5,0.5733333333333333,0.46666666666666673,1,0,1,0.0,0.06603301650825412
252,253,0.36311160615870136,0.592385046442005,0.5939257592800901,0.25,0.5466666666666666,0.2,0,0,0,0.0,0.6778389194597298
254,255,0.15172821887291588,0.4222000460581868,0.42294713160854897,0.375,0.7466666666666668,0.06666666666666671,0,0,1,0.0,0.5242621310655328
256,257,0.09039646350377667,0.06816611652721269,0.04724409448818899,0.125,0.6400000000000001,0.6000000000000001,0,0,0,1.0,0.0
257,258,0.03060206295613028,0.1233591770937284,0.10461192350956132,0.0,0.49333333333333335,0.6000000000000001,1,0,1,1.0,0.0
258,259,0.18010836901156785,0.12857910493590233,0.1372328458942632,0.125,0.17333333333333334,0.6000000000000001,1,0,1,0.0,0.0
259,260,0.1351886015292329,0.4076149535579949,0.4015748031496063,0.625,0.4266666666666667,0.26666666666666666,0,0,0,0.0,0.5462731365682841
260,261,0.33405850070196197,0.3299301450832885,0.3262092238470191,0.375,0.5333333333333334,0.46666666666666673,1,0,1,1.0,0.17258629314657328
261,262,0.9863726548087297,0.6466569432716665,0.643419572553431,0.25,0.5866666666666667,0.2,0,1,1,1.0,0.5252626313156578
262,263,0.0013575133140728904,0.2428034083058263,0.22834645669291337,0.0,0.5733333333333333,0.5333333333333334,0,0,1,0.0,0.23261630815407702
264,265,0.10236462575562438,0.3240193444384739,0.3228346456692914,0.0,0.4266666666666667,0.3333333333333333,1,0,1,0.0,0.32566283141570784
266,267,0.45526587536403396,0.31212097950410683,0.30033745781777277,0.375,0.8400000000000001,0.7333333333333334,0,0,1,0.0,0.007503751875937968
267,268,0.11187302029308363,0.37974975051815457,0.38245219347581555,0.25,0.08000000000000002,0.6666666666666667,0,0,1,1.0,0.47123561780890444
268,269,0.0906981331291262,0.03554156751362554,0.05511811023622047,0.375,0.7866666666666668,0.46666666666666673,1,0,0,0.0,0.0
269,270,0.1665042291760938,0.35917709372841017,0.3565804274465692,0.375,0.3333333333333333,0.8666666666666667,0,0,1,0.0,0.3861930965482741
270,271,0.031976980287050254,0.16880325477853686,0.13948256467941506,0.0,0.21333333333333332,0.5333333333333334,1,0,0,0.0,0.06803401700850424
271,272,0.20086555977119516,0.30551930605665156,0.2857142857142857,0.0,0.09333333333333332,0.3333333333333333,0,0,0,0.0,0.21810905452726362
272,273,0.11636905797858144,0.21524525984493742,0.23172103487064116,0.125,0.026666666666666672,0.6666666666666667,0,1,0,1.0,0.36418209104552274
273,274,0.03711116525694131,0.2932371228985952,0.2924634420697413,0.625,0.3333333333333333,0.6000000000000001,1,1,0,1.0,0.6278139069534767
275,276,0.8874598257277779,0.6022875566131879,0.610798650168729,0.25,0.36000000000000004,0.6000000000000001,1,0,1,0.0,0.26463231615807903
276,277,0.07397867427802338,0.19881783987103707,0.18447694038245221,0.125,0.36000000000000004,0.6666666666666667,0,0,0,0.0,0.10455227613806903
277,278,0.18087414575283972,0.3158056344515237,0.2924634420697413,0.125,0.36000000000000004,0.46666666666666673,1,0,1,0.0,0.2656328164082041
278,279,0.6827363755554781,0.46795117832194666,0.47806524184476945,0.125,0.7333333333333334,0.39999999999999997,0,0,1,0.0,0.1250625312656328
279,280,0.25505586689407916,0.16711445459430413,0.17435320584926883,0.25,0.48000000000000004,0.2,0,1,0,0.0,0.1345672836418209
282,283,0.3085152053093854,0.5537729331388653,0.548931383577053,0.125,0.36000000000000004,0.8,0,0,1,0.0,0.6493246623311655
283,284,0.22957638622994184,0.4229676825055653,0.44094488188976383,0.25,0.6933333333333334,0.8,0,0,1,0.0,0.44522261130565277
284,285,0.025276433800921254,0.08912259154064633,0.08323959505061869,0.125,0.5866666666666667,0.06666666666666671,1,0,1,0.0,0.0
285,286,0.049966932367990526,0.05680509710601059,0.07086614173228346,0.125,0.24000000000000005,0.39999999999999997,0,0,1,1.0,0.0
286,287,0.04456588580644414,0.051124587395409524,0.05511811023622047,0.125,0.3333333333333333,0.6666666666666667,0,0,0,0.0,0.0
287,288,0.2906180746516296,0.16980118216012893,0.20134983127109113,0.375,0.6133333333333333,0.2,1,0,1,0.0,0.0
288,289,0.03687911169898012,0.33683887310969524,0.33070866141732286,0.25,0.25333333333333335,0.7333333333333334,0,0,1,1.0,0.43171585792896444
289,290,0.002889066796616664,0.23190297075305133,0.22834645669291337,0.125,0.09333333333333332,0.26666666666666666,1,0,0,0.0,0.24262131065532766
290,291,0.09291424460765543,0.1803178014892147,0.19685039370078738,0.5,0.7333333333333334,0.39999999999999997,1,0,1,1.0,0.07953976988494246
291,292,0.07967558912597028,0.21332616872649113,0.21822272215973004,0.375,0.44,0.5333333333333334,0,0,1,0.0,0.15457728864432216
292,293,0.23888753524313408,0.3231749443463575,0.3228346456692914,0.125,0.10666666666666669,0.6666666666666667,1,0,1,0.0,0.2406203101550775
294,295,0.18889739751934745,0.12635295923850462,0.12598425196850394,0.375,0.25333333333333335,0.5333333333333334,1,0,1,1.0,0.0
295,296,0.09814705233967999,0.03861211330313963,0.06299212598425198,0.5,0.5866666666666667,0.3333333333333333,0,0,1,0.0,0.0
296,297,0.3222179679069929,0.32655254471482303,0.31158605174353204,0.0,0.3466666666666666,0.8,0,0,1,0.0,0.14657328664332164
297,298,0.2593198510216158,0.26828893835879325,0.2564679415073116,0.25,0.6799999999999999,0.8,1,0,1,1.0,0.09404702351175587
300,301,0.06632090686530451,0.28755661318799414,0.29471316085489313,0.0,0.36000000000000004,0.8,1,0,1,0.0,0.2901450725362681
301,302,0.12171789248958659,0.20265602210792966,0.2204724409448819,0.25,0.2,0.13333333333333336,0,0,0,0.0,0.08604302151075537
302,303,0.2871720793159061,0.313042143240961,0.3059617547806524,0.0,0.3066666666666667,0.5333333333333334,0,0,1,0.0,0.14757378689344672
304,305,0.41973847564017774,0.5081753281645812,0.4983127109111361,0.125,0.5466666666666666,0.5333333333333334,0,0,1,1.0,0.45272636318159076
305,306,0.08183368721500922,0.07968066323789053,0.08098987626546682,0.125,0.36000000000000004,0.6000000000000001,0,0,1,1.0,0.0
306,307,0.20168934990195733,0.2207722422660628,0.21822272215973004,0.25,0.76,0.2,1,0,1,0.0,0.03501750875437719
307,308,0.3773887013122629,0.2293697704767022,0.23059617547806527,0.25,0.24000000000000005,0.6000000000000001,0,0,1,1.0,0.0
308,309,0.02669776184343347,0.28817072234589697,0.2688413948256468,0.125,0.1333333333333333,0.06666666666666671,1,0,0,1.0,0.34067033516758377
309,310,0.3765243018088575,0.47010056037460657,0.4510686164229472,0.25,0.14666666666666667,0.8666666666666667,0,0,1,0.0,0.4427213606803401
311,312,0.07553923445531227,0.3487372380440623,0.3408323959505062,0.25,0.4533333333333333,0.6666666666666667,0,0,1,0.0,0.42221110555277636
312,313,0.10135519277849325,0.33323098180701616,0.3295838020247469,0.625,0.5333333333333334,0.39999999999999997,1,0,1,0.0,0.4117058529264632
313,314,0.4758954366667827,0.5219160205726567,0.4960629921259843,0.125,0.6933333333333334,0.8666666666666667,0,0,1,1.0,0.4217108554277138
315,316,0.023930523164746427,0.23190297075305133,0.22834645669291337,0.25,0.26666666666666666,0.7333333333333334,1,0,1,0.0,0.23161580790395195
316,317,0.24264100154315613,0.49282259921701077,0.48256467941507314,0.125,0.4533333333333333,0.6000000000000001,1,0,0,1.0,0.5712856428214107
317,318,0.3371042036502025,0.2936977047670223,0.2778402699662542,0.125,0.6400000000000001,0.7333333333333334,1,0,1,0.0,0.06803401700850424
318,319,0.04987411094480606,0.04598142319797342,0.0404949381327334,0.25,0.7866666666666668,0.5333333333333334,0,0,0,0.0,0.0
321,322,0.08541891468550941,0.16964765487065323,0.1608548931383577,0.125,0.053333333333333344,0.6666666666666667,0,0,1,0.0,0.04052026013006503
322,323,0.09789759476487173,0.19943194902893985,0.2125984251968504,0.625,0.37333333333333335,0.39999999999999997,1,0,0,0.0,0.13256628314157076
323,324,1.0,1.0,1.0000000000000002,0.375,1.0,0.8,1,0,1,0.0,0.9999999999999999
324,325,0.11994268277118358,0.15176172564673368,0.14623172103487064,0.125,0.5733333333333333,0.8,1,1,1,1.0,0.20760380190095046
325,326,0.04299372295125715,0.3213326168726491,0.3048368953880765,0.0,0.5733333333333333,0.46666666666666673,0,0,1,0.0,0.3661830915457729
326,327,0.6678849478459629,0.7172794964304905,0.7064116985376829,0.25,0.7866666666666668,0.7333333333333334,1,0,1,0.0,0.680840420210105
327,328,0.22516156728973044,0.44338681200583396,0.4668166479190102,0.25,0.6000000000000001,0.6000000000000001,0,0,0,1.0,0.4922461230615307
328,329,0.17890169051016971,0.2139402778843939,0.22947131608548932,0.25,0.4133333333333334,0.7333333333333334,0,0,1,0.0,0.06053026513256628
329,330,0.48637845614767883,0.5135487832962309,0.48818897637795283,0.125,0.27999999999999997,0.7333333333333334,0,0,1,0.0,0.4232116058029014
330,331,0.05830925777669487,0.2807246488063253,0.265466816647919,0.125,0.6533333333333333,0.8,1,1,0,1.0,0.527263631815908
331,332,0.012919581839488554,0.23719966223996314,0.22272215973003373,0.125,0.3333333333333333,0.7333333333333334,1,0,1,0.0,0.2371185592796398
332,333,0.30151879053685593,0.333307745451754,0.3194600674915636,0.25,0.8,0.6666666666666667,1,0,0,0.0,0.19009504752376186
334,335,0.08049937925673245,0.2970753051354878,0.29021372328458944,0.125,0.5466666666666666,0.6666666666666667,0,0,1,0.0,0.29714857428714353
335,336,0.08098669172845091,0.19367467567360097,0.19910011248593928,0.125,0.0,0.13333333333333336,0,0,1,0.0,0.09704852426213106
336,337,0.13054172903106037,0.383664696399785,0.3880764904386952,0.375,0.6000000000000001,0.5333333333333334,1,0,0,0.0,0.4632316158079039
338,339,0.17990532214835184,0.33906501880709294,0.3194600674915636,0.0,0.2933333333333334,0.6000000000000001,1,0,0,0.0,0.3031515757878939
341,342,0.016707856173204784,0.23305442542411914,0.23172103487064116,0.125,0.7200000000000002,0.8,0,0,1,0.0,0.2131065532766383
343,344,0.0022103101395802155,0.21954402395025713,0.21034870641169856,0.125,0.27999999999999997,0.8,0,0,1,0.0,0.2051025512756378
344,345,0.21966189796605054,0.3310815997543563,0.3464566929133858,0.75,0.21333333333333332,0.3333333333333333,1,0,1,1.0,0.31665832916458225
345,346,0.11404272106002064,0.04797727796115758,0.049493813273340834,0.125,0.1333333333333333,0.8,1,0,1,0.0,0.0
346,347,0.06495759221228259,0.34497581945190753,0.3678290213723285,0.5,0.37333333333333335,0.8666666666666667,1,0,1,1.0,0.4537268634317158
347,348,0.8694872776636847,0.7570430644046978,0.7435320584926886,0.125,0.6133333333333333,0.8,1,0,0,0.0,0.5962981490745373
348,349,0.01786232262406163,0.019037383894987325,0.021372328458942616,0.25,0.6266666666666667,0.6000000000000001,1,0,1,0.0,0.0
349,350,0.2217445786487521,0.3269363629385123,0.3329583802024747,0.25,0.6400000000000001,0.5333333333333334,0,0,1,1.0,0.2516258129064532
350,351,0.11398470767053034,0.051815460198050195,0.06974128233970754,0.375,0.6266666666666667,0.5333333333333334,0,0,1,0.0,0.0
351,352,0.29741144256094304,0.32655254471482303,0.3160854893138358,0.0,0.6400000000000001,0.26666666666666666,1,0,1,0.0,0.15107553776888444
353,354,0.18282339563971364,0.2940047593459737,0.28008998875140606,0.125,0.32,0.8666666666666667,1,0,0,0.0,0.21260630315157578
354,355,0.009943494958636452,0.22929300683196435,0.22384701912260968,0.0,0.27999999999999997,0.8666666666666667,0,0,1,1.0,0.2066033016508254
356,357,0.13996310348428415,0.3994780072157826,0.3925759280089989,0.25,0.17333333333333334,0.6000000000000001,1,0,0,0.0,0.481240620310155
357,358,0.16971817095385613,0.1268903047516696,0.10686164229471316,0.0,0.22666666666666663,0.6000000000000001,1,0,1,1.0,0.0
358,359,0.11461705361597455,0.2648345743455899,0.2767154105736783,0.0,0.7733333333333334,0.8666666666666667,1,0,1,0.0,0.17358679339669833
360,361,0.25068745866546,0.38420204191295,0.38357705286839144,0.375,0.7866666666666668,0.3333333333333333,0,0,0,0.0,0.35617808904452225
361,362,0.2486627913722487,0.31143010670146615,0.30258717660292467,0.125,0.3066666666666667,0.7333333333333334,0,0,1,1.0,0.19109554777388693
363,364,0.31222226089781524,0.4023182620710831,0.38245219347581555,0.0,0.76,0.3333333333333333,1,0,1,0.0,0.28914457228614304
364,365,0.6863854177544177,0.6861134566669225,0.6659167604049495,0.25,0.5866666666666667,0.7333333333333334,1,0,1,1.0,0.6218109054527263
365,366,0.5999628714307262,0.42649881016350655,0.4454443194600675,0.375,0.6133333333333333,0.6666666666666667,1,1,1,0.0,0.3951975987993997
366,367,0.2942149048000279,0.5361940584938972,0.5298087739032622,0.25,0.44,0.6000000000000001,1,0,1,0.0,0.6323161580790395
368,369,0.456252102985369,0.3740692408075535,0.39032620922384703,0.25,0.18666666666666665,0.06666666666666671,0,0,0,0.0,0.17258629314657328
369,370,0.3557845150660773,0.5482459507177401,0.5691788526434197,0.25,0.4533333333333333,0.7333333333333334,1,0,1,0.0,0.6043021510755378
370,371,0.1465186164966874,0.4029323712289859,0.41957255343082117,0.375,0.22666666666666663,0.46666666666666673,1,0,0,0.0,0.496248124062031
371,372,0.16685811085198463,0.09702924694864512,0.08998875140607425,0.375,0.6933333333333334,0.6666666666666667,1,0,0,0.0,0.0
372,373,0.05469502361144952,0.2223075151608198,0.22497187851518563,0.125,0.3066666666666667,0.7333333333333334,0,1,0,0.0,0.4202101050525262
373,374,0.2613967303653683,0.3429799646887234,0.3262092238470191,0.125,0.18666666666666665,0.7333333333333334,0,1,1,0.0,0.5017508754377188
374,375,0.1104923016232146,0.30352345129346736,0.3093363329583802,0.25,0.7066666666666668,0.8666666666666667,0,0,1,0.0,0.2941470735367684
375,376,0.061610219638692613,0.3674675673600982,0.359955005624297,0.5,0.27999999999999997,0.7333333333333334,0,0,1,0.0,0.5002501250625312
377,378,0.10320581990323363,0.052276042066477305,0.05511811023622047,0.25,0.37333333333333335,0.3333333333333333,1,0,1,0.0,0.0
378,379,0.052183043846519776,0.31127657941199044,0.30708661417322836,0.0,0.1333333333333333,0.9333333333333333,1,0,1,0.0,0.3586793396698349
379,380,0.24919071321661038,0.15153143471252012,0.13610798650168732,0.0,0.8133333333333335,0.3333333333333333,1,0,1,0.0,0.0
381,382,0.5304396254655575,0.5483227143624779,0.5410573678290215,0.125,0.8133333333333335,0.39999999999999997,1,0,1,0.0,0.424712356178089
382,383,0.08394537459245593,0.35380363859676056,0.35545556805399325,0.0,0.1333333333333333,0.26666666666666666,1,1,0,0.0,0.6763381690845423
383,384,0.02284567278127792,0.18331158363399092,0.2125984251968504,1.0,0.5466666666666666,0.26666666666666666,1,0,1,0.0,0.19109554777388693
385,386,0.09308828477612632,0.3649343670837491,0.3430821147356581,0.25,0.46666666666666673,0.6666666666666667,0,0,0,1.0,0.45272636318159076
387,388,0.035823268010256766,0.03615567667152836,0.037120359955005636,0.25,0.52,0.26666666666666666,1,0,0,1.0,0.0
388,389,0.15967605323308617,0.45605281338757964,0.43757030371203604,0.125,0.76,0.5333333333333334,0,0,0,0.0,0.5647823911955978
389,390,0.4269437386148723,0.4770092884010132,0.4611923509561305,0.125,0.27999999999999997,0.8666666666666667,1,0,0,0.0,0.4032016008004002
390,391,0.7237982526367085,0.743993244799263,0.7356580427446571,0.25,0.7733333333333334,0.6666666666666667,0,0,1,1.0,0.696848424212106
391,392,0.36532771763723065,0.4351731020188838,0.42632170978627676,0.125,0.26666666666666666,0.6666666666666667,0,0,0,0.0,0.360680340170085
392,393,0.09061691438383979,0.10915790281722573,0.1158605174353206,0.125,0.013333333333333308,0.3333333333333333,1,0,0,1.0,0.0
394,395,0.2288048081497209,0.37399247716281564,0.3565804274465692,0.375,0.22666666666666663,0.2,1,0,0,0.0,0.36718359179589793
395,396,0.010105932449209286,0.2467183541874568,0.2407199100112486,0.25,0.12,0.5333333333333334,1,0,1,0.0,0.2801400700350175
397,398,0.27566802417998076,0.2521685729638443,0.2564679415073116,0.5,0.5866666666666667,0.46666666666666673,0,0,1,0.0,0.06903451725862932
398,399,0.15880585239073178,0.12581561372533967,0.11136107986501688,0.0,0.27999999999999997,0.5333333333333334,1,0,1,0.0,0.0
399,400,0.04842377620754871,0.35602978429415827,0.36220472440944884,0.5,0.5466666666666666,0.13333333333333336,0,0,0,1.0,0.48324162081040517
